       0        0        0        0        0      950     5492      941        0        0        0        0        0
       0        0        0        0      950     6386     7331     6388      941        0        0        0        0
       0        0        0      950     6386     7331     7282     7331     6388      941        0        0        0
       0        0      950     6386     7331     7282     7331     7282     7331     6388      941        0        0
       0      950     6386     7331     7282     7331     7282     7331     7282     7331     6388      941        0
     950     6386     7331     7282     7331     7282     7331     7282     7331     7282     7331     6388      941
    5494     7331     7282     7331     7282     7331     7282     7331     7282     7331     7282     7331     5514
     923     6390     7331     7282     7331     7282     7331     7282     7331     7282     7331     6408      925
       0      923     6390     7331     7282     7331     7282     7331     7282     7331     6408      925        0
       0        0      923     6390     7331     7282     7331     7282     7331     6408      925        0        0
       0        0        0      923     6390     7331     7282     7331     6408      925        0        0        0
       0        0        0        0      923     6390     7331     6408      925        0        0        0        0
       0        0        0        0        0      923     5516      925        0        0        0        0        0